name: eda_env
channels:
  - conda-forge
  - defaults
dependencies:
  - asttokens=2.4.1=pyhd8ed1ab_0
  - bzip2=1.0.8=h2bbff1b_5
  - ca-certificates=2024.2.2=h56e8100_0
  - colorama=0.4.6=pyhd8ed1ab_0
  - comm=0.2.1=pyhd8ed1ab_0
  - debugpy=1.6.7=py312hd77b12b_0
  - decorator=5.1.1=pyhd8ed1ab_0
  - exceptiongroup=1.2.0=pyhd8ed1ab_2
  - executing=2.0.1=pyhd8ed1ab_0
  - expat=2.5.0=hd77b12b_0
  - importlib-metadata=7.0.1=pyha770c72_0
  - importlib_metadata=7.0.1=hd8ed1ab_0
  - ipykernel=6.29.3=pyha63f2e9_0
  - ipython=8.22.1=pyh7428d3b_0
  - jedi=0.19.1=pyhd8ed1ab_0
  - jupyter_client=8.6.0=pyhd8ed1ab_0
  - jupyter_core=5.5.0=py312haa95532_0
  - libffi=3.4.4=hd77b12b_0
  - libsodium=1.0.18=h8d14728_1
  - matplotlib-inline=0.1.6=pyhd8ed1ab_0
  - nest-asyncio=1.6.0=pyhd8ed1ab_0
  - openssl=3.2.1=hcfcfb64_0
  - packaging=23.2=pyhd8ed1ab_0
  - parso=0.8.3=pyhd8ed1ab_0
  - pickleshare=0.7.5=py_1003
  - pip=23.3.1=py312haa95532_0
  - platformdirs=4.2.0=pyhd8ed1ab_0
  - prompt-toolkit=3.0.42=pyha770c72_0
  - psutil=5.9.0=py312h2bbff1b_0
  - pure_eval=0.2.2=pyhd8ed1ab_0
  - pygments=2.17.2=pyhd8ed1ab_0
  - python=3.12.2=h1d929f7_0
  - python-dateutil=2.9.0=pyhd8ed1ab_0
  - pywin32=305=py312h2bbff1b_0
  - pyzmq=25.1.2=py312hd77b12b_0
  - setuptools=68.2.2=py312haa95532_0
  - six=1.16.0=pyh6c4a22f_0
  - sqlite=3.41.2=h2bbff1b_0
  - stack_data=0.6.2=pyhd8ed1ab_0
  - tk=8.6.12=h2bbff1b_0
  - tornado=6.3.3=py312h2bbff1b_0
  - traitlets=5.14.1=pyhd8ed1ab_0
  - typing_extensions=4.10.0=pyha770c72_0
  - ucrt=10.0.22621.0=h57928b3_0
  - vc=14.2=h21ff451_1
  - vc14_runtime=14.38.33130=h82b7239_18
  - vs2015_runtime=14.38.33130=hcb4865c_18
  - wcwidth=0.2.13=pyhd8ed1ab_0
  - wheel=0.41.2=py312haa95532_0
  - xz=5.4.6=h8cc25b3_0
  - zeromq=4.3.5=h63175ca_1
  - zipp=3.17.0=pyhd8ed1ab_0
  - zlib=1.2.13=h8cc25b3_0
  - pip:
      - attrs==23.2.0
      - contourpy==1.2.0
      - cycler==0.12.1
      - fastjsonschema==2.19.1
      - fonttools==4.49.0
      - greenlet==3.0.3
      - joblib==1.3.2
      - jsonschema==4.21.1
      - jsonschema-specifications==2023.12.1
      - kiwisolver==1.4.5
      - matplotlib==3.8.3
      - missingno==0.5.2
      - nbformat==5.9.2
      - numpy==1.26.4
      - pandas==2.2.1
      - patsy==0.5.6
      - pillow==10.2.0
      - plotly==5.19.0
      - psycopg2==2.9.9
      - pyparsing==3.1.1
      - pytz==2024.1
      - referencing==0.33.0
      - rpds-py==0.18.0
      - scikit-learn==1.4.1.post1
      - scipy==1.12.0
      - seaborn==0.13.2
      - sqlalchemy==2.0.27
      - statsmodels==0.14.1
      - tenacity==8.2.3
      - threadpoolctl==3.3.0
      - tzdata==2024.1
prefix: C:\Users\Darrenlevene\Miniconda3\envs\eda_env
